1000000
878 931
128 543
222 826
51 80
288 836
234 948
360 24
941 989
86 603
294 95
975 204
766 694
88 452
982 598
958 818
78 966
803 777
508 420
667 628
519 706
239 88
28 37
507 99
658 118
588 209
203 217
612 117
919 500
121 920
202 1000
676 888
915 420
339 66
748 602
393 372
857 984
594 889
646 153
58 442
985 934
740 931
584 71
620 340
411 692
271 590
411 420
128 394
103 187
46 61
906 970
647 936
838 453
961 621
101 982
429 97
287 117
446 218
609 201
242 938
714 941
306 555
0 216
442 818
205 525
694 406
783 246
977 921
215 197
803 852
399 555
855 718
220 209
339 493
450 893
98 806
221 530
55 212
526 596
194 963
947 515
27 845
870 411
396 334
51 657
202 33
669 939
891 926
865 453
571 235
687 662
968 745
560 207
468 118
283 750
720 294
463 103
31 954
405 492
691 632
278 999
459 811
566 853
429 497
792 193
879 437
95 302
305 396
975 525
971 780
505 883
955 794
120 345
581 578
587 209
962 280
171 897
825 95
206 896
170 819
616 52
945 769
615 859
623 27
952 349
876 583
649 333
416 593
14 213
758 312
467 430
814 878
362 416
777 733
85 578
25 311
613 320
172 147
964 844
896 328
286 935
224 327
179 810
652 910
176 949
770 219
364 767
857 636
960 769
643 947
105 642
524 338
777 441
773 160
255 192
493 173
547 758
80 991
818 805
484 622
914 812
827 540
311 225
998 586
533 454
30 110
282 1
791 166
44 463
756 182
741 277
422 269
227 274
425 334
877 938
679 956
247 612
512 976
176 729
896 45
136 699
170 925
560 471
646 901
838 794
358 225
474 350
752 741
941 817
63 273
201 874
232 753
400 231
114 198
619 605
939 135
880 935
199 199
748 169
155 562
33 821
145 673
704 593
46 449
635 613
958 499
859 458
892 46
682 61
62 952
641 714
481 718
63 988
996 668
549 743
250 284
863 258
429 584
776 240
313 500
896 735
644 922
35 397
431 446
718 273
234 22
877 769
334 339
834 244
671 396
621 605
852 958
482 996
793 164
680 339
867 923
133 685
425 931
2 587
149 293
727 698
198 238
8 833
402 11
461 532
975 182
672 897
468 42
400 131
72 390
881 720
219 709
452 264
47 984
599 462
249 115
579 880
72 88
117 947
91 681
910 721
932 147
992 169
281 386
989 551
489 625
488 818
833 946
961 248
67 554
666 907
230 95
830 296
514 165
30 121
46 738
493 242
347 816
166 874
672 183
901 371
533 574
887 431
614 539
930 25
924 787
830 217
291 806
833 835
511 948
40 170
908 390
895 100
699 493
30 888
477 87
322 527
263 825
335 338
757 615
418 33
4 258
256 766
446 913
684 178
482 627
136 652
250 700
55 379
682 305
477 243
88 345
392 298
77 310
523 565
720 645
418 395
426 705
608 489
69 212
149 931
778 351
861 97
105 549
787 991
685 658
204 606
569 411
873 492
163 741
905 234
876 104
635 618
429 132
888 279
763 359
526 108
206 5
838 176
141 283
243 717
472 243
11 851
584 496
151 432
298 503
316 820
844 403
913 126
271 550
185 186
432 740
383 475
545 825
130 268
324 713
945 514
546 608
101 697
946 179
488 953
120 582
168 173
903 308
569 107
888 944
209 929
534 897
735 466
352 183
550 218
371 360
899 678
678 620
701 410
241 394
294 250
488 283
971 60
30 952
531 52
127 173
257 851
643 198
624 42
73 120
797 445
78 139
965 936
357 751
379 750
101 273
92 542
975 694
850 708
545 826
874 305
92 365
207 604
730 841
626 237
103 310
845 486
451 79
36 423
713 41
121 386
842 716
536 81
311 616
916 643
915 619
355 976
494 191
474 706
974 13
538 32
114 482
49 49
352 815
901 381
531 617
776 559
974 957
73 547
784 471
128 573
442 647
84 517
798 582
427 812
755 796
632 539
984 758
976 239
390 956
265 117
656 808
22 874
733 685
236 424
118 361
48 250
213 301
825 420
341 482
100 371
369 832
167 147
380 766
31 447
723 356
588 943
670 738
938 556
37 430
672 759
485 8
777 248
289 338
387 562
949 396
645 59
982 357
55 914
461 119
329 471
997 630
494 528
820 801
263 316
440 436
360 862
573 742
368 441
337 401
393 112
108 665
615 776
406 932
380 237
94 267
953 366
739 509
593 651
297 396
995 645
162 955
458 834
805 389
150 871
715 49
187 980
21 853
936 562
829 181
650 253
143 793
754 278
236 623
940 764
346 841
949 584
577 662
880 159
803 287
458 409
703 130
153 168
625 503
955 143
904 259
495 916
668 377
470 857
880 826
535 990
235 668
555 764
954 677
297 99
837 929
887 870
701 661
128 440
801 985
461 459
170 610
118 469
509 410
589 696
569 660
777 375
260 558
268 408
429 908
786 111
479 108
713 467
484 94
114 695
749 444
776 878
165 274
63 558
634 366
674 676
622 47
846 347
847 791
710 706
493 514
716 636
726 607
489 624
739 138
722 64
324 495
790 642
751 7
921 60
475 601
830 705
699 726
767 637
180 602
196 26
749 476
398 40
236 528
579 228
179 343
437 222
163 980
212 533
836 709
993 162
994 944
655 791
841 307
945 393
345 83
384 719
654 558
936 954
197 813
808 304
700 951
280 154
300 368
557 586
636 223
566 269
724 310
269 941
824 767
794 566
998 693
735 108
833 156
727 16
599 357
742 872
680 865
742 242
203 962
120 400
538 691
153 735
351 824
478 897
143 598
259 984
338 945
54 642
245 10
717 517
427 268
77 259
796 47
103 556
165 161
686 456
470 893
913 323
5 106
117 138
721 831
784 360
924 579
717 164
507 823
846 186
518 846
131 716
624 435
747 833
838 727
158 958
338 879
19 974
628 78
955 195
626 683
39 432
568 417
843 830
834 127
704 529
593 610
471 893
588 17
977 259
857 455
438 136
131 990
549 728
139 533
612 634
695 174
863 417
212 85
716 672
824 52
231 221
996 730
347 677
14 371
87 628
275 357
202 648
323 199
889 239
965 655
419 44
768 889
996 646
710 462
854 418
584 389
168 927
197 715
576 781
209 395
390 573
717 471
601 161
433 444
600 743
926 310
220 187
82 963
434 638
289 97
844 74
920 814
521 379
994 536
520 563
890 621
871 997
705 248
480 690
804 438
849 800
727 57
143 257
813 13
573 15
604 640
663 309
399 719
93 383
994 949
647 348
445 780
780 935
424 792
606 123
91 865
517 689
451 29
733 566
840 37
426 157
324 13
88 702
488 475
605 659
718 331
949 857
0 830
434 616
687 528
986 945
405 158
460 210
589 520
816 558
711 380
350 741
945 593
70 424
998 183
454 484
756 151
106 678
21 650
629 111
530 955
539 458
584 647
233 453
972 560
346 315
221 683
698 902
937 841
63 899
612 949
742 500
181 899
817 722
708 183
938 518
859 414
897 720
793 814
544 192
48 970
630 260
482 320
403 789
763 672
394 186
985 721
607 575
98 758
728 638
586 724
147 61
408 107
609 604
604 542
841 136
363 195
275 651
55 364
735 669
778 273
476 312
619 197
439 140
141 379
42 736
330 118
128 612
445 786
653 290
62 678
681 768
282 184
227 192
732 235
683 489
269 335
344 15
331 189
919 626
436 698
763 292
762 831
238 719
572 910
172 790
180 126
206 55
545 864
994 324
252 621
132 703
36 577
618 429
996 70
367 813
134 252
380 241
261 311
133 344
163 556
583 641
264 737
984 924
986 663
265 741
898 987
207 292
287 21
964 389
411 310
73 679
266 649
511 148
827 458
545 703
420 755
786 938
436 312
918 436
402 210
642 463
542 332
944 39
832 592
482 534
373 348
459 751
605 610
72 966
680 616
550 584
980 545
718 50
281 687
951 712
517 710
56 331
359 772
110 199
724 633
416 769
363 965
987 625
747 788
993 961
587 531
307 9
507 977
644 696
960 21
69 387
680 967
676 861
475 240
856 462
989 614
47 43
318 901
736 114
983 360
437 337
68 639
547 864
931 850
360 897
543 445
959 360
707 596
879 65
70 851
144 993
697 714
392 11
786 661
70 929
912 183
865 241
364 61
461 798
881 549
426 954
559 834
785 899
467 404
100 66
299 958
321 315
688 968
941 839
898 582
785 788
308 660
414 941
346 290
907 288
629 894
542 247
167 430
994 516
804 208
687 774
769 472
959 454
981 925
27 121
992 756
73 328
706 76
772 431
224 803
920 418
515 805
905 90
189 840
681 787
266 264
87 643
156 543
220 214
493 889
475 963
261 371
713 576
50 7
28 661
425 873
147 546
398 423
375 508
888 785
506 243
388 212
972 703
50 755
95 522
270 224
171 334
293 145
580 655
665 280
424 172
328 878
718 701
370 343
427 840
160 546
664 919
532 896
224 542
91 96
958 707
270 417
292 533
224 341
957 490
263 340
81 170
274 735
292 120
643 116
918 139
535 445
457 177
406 159
288 395
59 904
842 490
218 721
445 715
24 629
968 177
465 890
852 232
400 251
920 776
59 522
530 370
863 494
661 583
642 100
987 314
648 176
969 462
406 531
27 517
216 321
938 99
10 132
945 235
59 879
910 470
269 714
296 462
205 587
144 146
886 181
764 205
738 708
741 5
428 348
408 440
564 510
55 228
147 868
916 352
820 807
840 388
575 372
952 305
602 375
498 752
599 341
170 907
260 926
844 868
245 904
480 274
122 440
843 968
507 745
375 493
811 976
36 740
193 295
173 525
600 229
975 722
39 33
138 59
369 474
213 880
713 301
940 102
362 609
358 716
234 159
434 403
22 618
51 140
631 465
957 828
748 413
281 254
336 796
371 787
94 304
159 295
44 246
556 165
556 847
48 865
84 132
762 72
273 488
188 728
253 609
620 137
893 462
683 279
700 103
345 780
697 232
594 182
395 686
44 818
487 174
460 427
202 953
675 263
204 307
784 353
370 517
483 897
6 505
686 375
380 370
582 137
808 832
111 331
193 678
496 497
25 164
844 707
613 584
380 448
709 761
725 738
102 724
167 561
604 398
931 108
952 729
51 52
12 702
672 675
957 716
872 557
915 658
856 187
160 185
310 656
572 628
350 466
336 696
139 161
220 313
339 295
730 862
62 900
397 303
733 981
662 193
551 901
36 31
545 329
417 415
358 689
213 562
178 488
324 245
670 397
338 710
373 736
146 489
387 767
334 96
990 556
216 351
227 663
375 159
328 385
411 414
927 343
475 228
325 566
88 680
981 659
827 724
421 841
680 94
260 758
963 212
917 662
584 602
807 753
927 650
199 219
221 276
434 475
114 897
837 449
922 255
808 351
428 257
610 518
716 524
324 724
62 231
247 685
20 927
562 772
269 654
506 18
137 44
505 553
896 53
842 217
567 599
944 733
291 853
549 579
1000 428
739 388
588 431
705 113
12 421
483 224
91 121
388 714
376 874
931 949
212 267
309 442
398 24
879 375
922 920
666 379
111 556
362 974
279 297
719 275
295 278
191 693
566 904
505 317
360 499
231 797
948 552
59 115
264 206
956 674
96 647
370 889
21 568
693 973
378 677
459 828
659 552
974 975
37 164
939 819
479 514
412 176
748 553
191 15
331 644
823 517
377 949
463 554
627 34
737 604
188 515
570 725
822 838
71 359
715 497
189 783
650 828
947 950
907 323
848 239
452 950
225 89
855 517
27 733
125 1
770 534
23 278
14 996
446 803
767 529
964 834
751 13
882 204
397 100
823 324
435 208
875 860
308 849
131 288
554 25
487 618
708 754
307 313
187 969
239 281
782 338
775 368
203 295
303 338
822 327
200 594
339 733
174 409
326 405
943 123
772 162
888 465
709 201
253 209
443 839
900 845
265 901
248 385
74 552
646 696
957 757
146 562
820 591
388 358
567 388
518 751
464 553
345 675
966 658
874 989
815 986
993 17
984 795
254 844
576 140
612 789
980 226
370 273
10 742
24 469
108 764
417 830
716 128
74 157
912 113
585 6
240 486
309 963
310 688
83 436
299 39
251 262
133 479
849 731
781 350
803 528
231 741
15 565
319 462
190 605
490 914
37 117
33 234
987 736
729 894
828 271
460 837
266 302
383 475
54 414
126 958
44 276
742 119
197 224
80 618
496 862
309 891
69 768
495 696
82 212
794 334
390 668
788 969
438 188
220 88
576 283
505 762
884 573
715 167
54 646
576 14
67 292
793 470
694 656
683 778
780 645
740 159
845 435
22 701
201 359
312 497
942 205
231 798
378 178
784 625
527 820
670 129
738 834
393 191
517 537
268 649
790 197
330 575
299 938
642 917
455 206
425 971
414 679
127 153
801 993
382 829
972 864
196 46
403 68
872 853
200 840
554 753
659 808
398 741
342 294
987 424
68 410
432 12
919 875
842 944
854 23
314 138
819 180
73 423
944 292
54 892
987 295
101 69
530 956
909 856
162 745
11 724
719 381
913 957
935 373
952 510
212 722
302 322
8 33
568 370
997 284
614 49
37 180
937 763
661 176
172 137
580 433
121 182
228 936
979 265
568 370
380 524
144 217
419 132
693 77
908 308
393 234
49 494
383 807
265 297
699 60
884 199
486 30
63 801
370 980
29 777
905 522
730 596
700 281
990 871
833 614
10 232
130 320
607 713
702 699
196 872
858 723
974 592
443 442
914 476
947 677
749 608
817 170
981 812
769 835
173 470
349 526
687 641
951 526
785 642
671 399
271 437
15 703
312 428
815 223
662 111
98 118
106 68
23 852
939 248
556 531
871 246
762 770
362 597
551 25
826 229
827 41
305 712
106 636
856 351
544 862
220 836
553 333
285 865
575 324
851 514
623 515
242 411
514 412
823 538
147 318
765 792
382 524
980 312
814 143
976 471
204 58
178 249
158 41
203 278
62 620
505 892
300 393
0 0
35 304
89 533
892 426
155 970
138 137
197 429
441 292
40 476
994 517
466 650
237 81
564 556
181 32
426 10
185 413
52 124
194 842
74 874
927 500
344 332
289 747
474 828
634 718
441 302
756 190
458 81
955 404
262 194
972 137
111 939
676 422
915 762
572 66
136 50
276 905
406 154
340 127
176 306
699 408
265 344
306 351
978 32
579 448
670 784
486 929
992 74
923 954
675 816
942 701
720 845
904 354
790 68
112 790
239 875
48 579
294 981
809 818
978 189
385 439
100 332
537 318
703 81
585 174
70 947
369 442
720 140
216 237
47 741
569 426
659 841
874 324
409 542
789 838
626 61
680 528
611 870
22 65
377 401
747 489
664 994
363 538
828 193
215 24
634 657
105 38
824 509
714 219
16 477
57 921
149 401
480 809
154 820
314 711
534 951
73 829
358 424
668 834
613 920
302 900
383 315
169 314
759 260
379 243
607 663
448 899
597 267
326 735
955 522
251 57
10 834
575 287
204 542
561 185
143 287
659 897
842 70
785 529
958 660
577 87
759 119
947 748
257 636
903 443
582 951
847 891
914 117
211 723
45 872
713 525
757 924
60 370
496 189
475 248
880 156
853 507
335 11
767 151
152 448
933 39
954 0
943 118
49 593
584 315
963 549
340 953
304 102
516 6
170 474
811 70
322 653
753 953
812 82
512 431
632 82
396 334
844 651
416 521
982 223
108 514
531 236
854 661
448 5
925 290
262 742
169 526
737 808
1 168
66 722
487 103
844 474
833 649
659 552
325 833
349 209
696 988
2 716
388 601
978 926
971 19
13 144
683 121
643 772
140 653
119 679
668 988
614 648
659 91
686 975
252 974
747 284
862 452
953 565
17 723
506 534
603 933
650 633
578 980
904 989
857 927
140 567
679 527
661 369
408 31
123 66
599 915
755 834
481 41
377 419
806 297
118 238
845 936
265 940
215 697
964 645
309 666
59 285
790 51
384 403
228 255
560 419
728 502
998 364
532 270
698 302
247 741
241 889
3 329
989 344
513 229
273 965
831 545
637 943
958 17
18 15
776 334
260 574
702 173
955 693
754 590
469 240
659 765
272 919
451 607
824 711
834 448
491 368
832 308
14 578
807 187
283 914
397 326
355 114
157 338
500 457
655 91
793 267
551 376
607 794
897 520
63 278
255 340
555 565
315 987
717 201
853 619
993 87
608 330
806 0
458 29
385 317
303 571
538 507
65 172
189 713
326 691
474 627
625 610
909 761
179 697
172 1
223 579
325 2
758 769
366 215
90 155
512 205
466 188
35 782
338 352
154 541
585 725
437 960
444 918
31 893
519 191
216 448
784 381
989 50
647 811
742 386
825 82
453 508
27 780
125 489
725 501
217 243
135 230
795 710
204 235
898 862
347 943
157 483
704 131
188 677
257 676
924 765
95 706
308 673
547 686
36 398
758 529
520 460
896 625
429 462
55 628
160 323
339 920
376 117
36 389
2 457
316 170
415 765
36 129
853 609
42 34
78 340
501 850
988 321
590 351
436 451
192 522
424 247
514 920
322 346
552 650
245 942
345 213
248 856
41 665
636 666
134 193
711 380
233 506
786 548
187 642
995 693
482 400
818 896
526 42
756 44
938 593
416 539
420 84
610 736
475 200
701 665
704 511
843 435
233 227
161 94
276 824
12 72
279 292
232 950
415 205
346 807
95 506
822 759
61 117
819 118
582 749
663 594
641 889
519 45
517 170
245 900
889 262
75 494
222 502
447 301
464 393
369 463
639 35
82 791
62 350
187 973
169 996
792 899
868 317
222 208
730 331
468 33
194 599
805 939
389 935
143 908
810 950
314 427
907 730
475 925
228 98
37 27
142 923
402 389
226 831
469 248
526 189
676 402
961 276
466 554
674 288
769 294
95 100
280 787
968 808
208 176
452 647
791 387
911 580
254 137
580 164
223 249
97 118
22 373
387 911
874 85
209 42
789 636
369 44
902 384
183 737
763 860
816 442
567 264
234 749
587 317
969 12
991 273
415 627
650 439
664 151
525 142
195 637
124 45
936 675
682 596
293 866
720 399
18 279
789 240
94 521
787 247
3 834
432 847
495 328
817 379
823 769
395 714
382 349
684 550
883 453
827 460
918 24
921 30
536 507
177 907
783 196
232 683
689 329
608 765
77 151
776 498
45 108
594 505
853 625
917 755
952 224
991 814
168 902
477 271
964 940
894 509
956 670
882 486
732 681
665 641
347 654
659 777
578 887
409 902
951 117
533 90
885 803
700 163
774 988
211 874
419 64
408 42
957 724
50 364
309 695
749 31
686 832
417 742
574 852
544 812
405 172
75 605
736 354
502 387
431 515
37 689
831 860
704 122
52 891
467 574
763 170
284 631
831 996
697 575
639 684
600 159
176 986
238 457
128 901
591 856
967 469
29 205
316 488
336 138
459 916
895 685
432 357
454 902
267 584
611 507
686 464
469 449
858 601
220 523
648 93
827 978
878 323
831 667
104 152
424 166
530 180
531 108
358 123
830 955
452 783
408 135
623 439
34 915
830 868
521 396
895 935
747 639
236 95
368 39
147 219
19 608
877 331
198 800
829 452
159 234
904 642
357 268
660 199
224 588
780 728
932 125
113 8
214 53
347 971
716 701
127 254
948 651
407 541
16 967
650 42
934 705
332 627
624 599
420 624
340 49
680 501
519 397
857 221
566 352
716 904
532 153
884 328
175 909
164 560
776 85
685 696
269 140
788 469
942 695
783 170
449 483
370 870
199 347
830 101
981 254
600 177
768 502
29 710
62 823
69 142
298 65
287 751
918 179
833 640
687 344
931 146
275 930
585 24
446 887
803 26
932 879
333 861
784 591
181 617
508 134
776 588
734 571
845 199
748 709
342 975
174 52
414 156
234 560
338 484
125 227
919 184
709 257
215 17
712 631
724 57
392 684
775 55
635 54
405 371
352 790
386 544
165 112
477 887
626 430
296 42
466 568
281 44
104 401
115 366
843 537
395 482
477 295
992 801
705 469
685 309
978 145
695 315
746 931
880 175
32 787
305 43
868 320
162 668
538 311
475 57
618 972
676 881
483 569
617 894
375 827
799 672
353 410
359 9
702 482
501 110
688 1000
983 917
737 511
390 62
849 538
755 872
89 928
254 927
99 36
776 224
91 554
741 850
157 994
64 272
350 930
118 74
920 621
475 992
912 772
13 212
333 149
108 631
900 687
32 150
316 454
517 137
271 895
49 972
679 911
782 937
620 296
441 430
389 872
665 213
350 951
911 854
910 42
427 396
793 134
86 727
574 22
150 727
931 830
615 646
219 308
11 157
921 7
884 990
883 151
561 451
208 977
760 875
901 842
179 251
638 562
665 740
552 578
372 154
785 567
339 978
798 8
354 224
817 353
623 32
550 167
8 296
701 519
745 681
499 527
247 48
812 14
558 212
660 654
800 722
898 972
92 49
407 909
212 164
603 74
787 25
917 832
438 171
132 660
583 495
502 249
191 115
397 956
302 700
12 443
512 90
7 215
215 671
806 401
341 792
843 279
702 999
397 985
444 163
270 998
206 711
354 616
880 730
662 332
423 351
972 845
594 894
403 193
284 40
204 979
732 728
685 493
44 203
183 751
793 785
888 485
933 885
54 624
471 41
253 58
67 699
652 21
259 913
502 933
163 240
364 814
228 968
559 918
339 271
833 780
55 79
804 795
504 442
336 786
828 704
188 292
441 470
199 813
975 107
664 498
751 818
397 841
405 152
159 724
94 547
2 872
680 645
423 454
847 847
761 720
673 579
134 154
647 324
273 42
832 535
274 760
181 111
333 118
751 651
564 947
451 200
917 389
13 837
285 620
247 275
124 920
241 961
797 744
7 298
485 690
754 888
694 447
25 207
973 61
251 974
402 838
464 575
274 652
643 994
999 434
836 421
369 139
203 934
726 598
197 734
25 567
696 78
734 211
52 647
764 509
951 306
949 660
261 635
684 713
826 38
584 48
86 690
121 447
944 91
218 509
206 870
760 156
357 634
460 614
211 396
735 59
736 476
185 338
576 66
126 757
352 917
553 352
276 775
848 83
815 161
159 733
315 759
174 499
476 235
486 227
220 993
479 382
695 618
882 959
534 613
731 57
414 741
427 691
950 480
571 457
826 894
922 658
323 372
92 733
979 185
107 982
556 57
451 5
948 423
179 552
150 977
322 242
544 366
401 40
989 171
589 583
603 180
999 253
843 263
379 566
17 218
412 964
279 928
119 682
644 413
903 353
426 451
382 285
755 40
55 902
452 553
132 961
670 541
422 231
520 888
906 9
173 752
787 60
355 393
548 320
155 160
465 465
330 831
789 250
386 975
110 533
938 791
931 541
994 568
449 314
828 420
20 210
798 603
399 411
367 634
22 50
294 411
653 7
510 457
418 359
812 920
88 610
982 782
755 825
857 538
667 894
357 997
858 808
615 425
875 310
835 784
915 981
522 718
387 372
327 676
239 596
867 405
392 290
194 127
52 363
431 980
399 982
439 462
925 147
393 502
835 125
899 347
893 334
811 119
292 849
738 250
510 313
931 22
343 673
252 908
808 333
924 300
418 431
803 721
158 564
133 288
572 722
738 448
442 323
401 335
122 394
164 857
506 110
738 805
921 162
767 637
338 838
245 310
503 61
375 724
584 280
567 376
29 596
674 808
312 395
14 289
640 497
750 933
945 885
462 992
896 889
630 272
511 515
746 226
890 12
902 547
496 130
110 35
409 442
382 732
426 815
860 171
894 25
971 26
361 173
315 782
284 226
482 479
497 26
157 556
497 897
611 61
592 932
600 384
672 14
492 565
781 136
119 675
947 274
566 86
362 555
905 984
689 497
258 693
124 879
44 592
729 160
432 592
547 806
500 746
539 793
822 239
572 638
731 979
616 910
60 384
544 226
97 817
385 881
797 304
429 343
389 303
632 903
356 589
461 647
390 101
896 226
839 983
444 36
874 6
168 157
215 996
223 124
686 834
706 604
342 524
413 543
951 36
397 870
570 643
944 211
438 710
234 688
166 755
29 433
187 528
602 155
845 675
763 297
940 828
508 914
779 10
488 800
333 915
137 337
444 1000
946 501
601 782
471 626
830 653
441 998
469 582
896 909
36 153
56 131
44 48
42 599
829 89
6 413
527 28
652 488
220 717
107 535
965 388
32 140
409 240
644 666
900 0
140 232
84 925
420 670
227 940
689 15
899 53
486 845
426 18
882 635
993 356
39 611
854 644
268 900
39 629
689 654
745 781
793 994
736 687
736 677
414 795
465 389
969 993
36 469
879 752
367 844
195 649
346 70
440 929
305 120
826 901
689 987
430 309
674 836
984 794
46 6
188 881
454 326
889 130
455 335
454 683
256 469
88 916
872 513
150 367
520 296
766 218
219 917
378 831
233 278
477 109
89 176
514 795
732 211
566 493
761 648
553 106
889 178
163 718
537 278
30 148
76 160
405 848
276 859
724 458
934 916
692 668
574 719
421 998
148 128
103 234
71 78
933 556
871 570
968 406
707 438
970 808
624 11
321 60
261 2
304 143
745 806
619 723
230 235
654 4
727 522
109 644
579 35
426 282
773 562
251 755
743 347
500 900
981 95
690 505
514 941
796 738
274 61
55 350
688 626
964 161
368 411
414 345
806 699
196 814
481 601
294 201
767 845
813 789
495 344
513 55
403 344
517 730
379 130
511 255
486 180
834 178
185 972
175 572
441 108
964 968
744 136
550 239
104 151
345 640
505 267
91 817
644 245
648 484
183 993
350 207
20 578
532 238
967 859
495 491
816 311
486 295
664 839
80 501
247 949
387 846
545 900
852 148
788 271
279 197
686 722
533 84
255 455
400 502
472 910
129 451
373 710
508 683
225 842
176 3
565 144
355 935
728 924
110 37
355 102
480 226
25 140
676 124
890 243
379 891
160 108
629 566
703 28
756 697
403 47
903 135
228 761
61 169
114 162
213 79
825 399
11 289
877 989
982 783
5 311
291 722
660 841
79 25
279 394
383 474
987 134
130 521
530 594
869 52
229 326
630 874
666 571
895 998
645 804
882 691
851 590
758 108
290 760
692 696
412 644
222 294
557 305
204 368
173 949
411 214
571 103
591 533
152 843
377 603
715 999
546 224
455 749
115 71
270 770
419 401
11 786
465 798
543 516
606 667
401 541
537 705
997 130
915 425
716 699
299 303
985 235
31 373
764 224
137 271
556 435
818 587
934 124
217 283
996 435
515 338
584 568
573 255
3 953
319 327
800 959
755 880
532 921
416 184
656 329
940 935
29 86
551 945
68 762
708 975
48 593
4 59
377 727
132 487
815 288
795 692
870 871
778 577
361 769
214 285
668 476
240 475
367 905
744 881
694 639
534 877
60 267
764 347
946 585
783 858
644 761
515 669
257 586
144 176
696 999
706 991
443 682
126 42
469 314
646 112
266 633
348 711
915 671
212 144
694 890
592 891
638 294
361 278
499 345
119 909
999 596
607 879
78 137
909 129
691 632
712 895
602 191
217 359
332 681
190 289
127 360
904 36
725 134
328 108
854 153
146 334
528 761
653 906
901 88
262 105
7 853
895 407
701 23
988 985
1000 61
956 671
457 296
582 635
767 616
578 58
537 156
309 573
629 926
771 500
207 736
796 764
278 136
400 769
901 973
178 720
183 788
965 505
249 393
78 230
648 677
606 160
129 452
145 738
813 318
582 956
955 338
121 157
661 452
152 471
920 157
430 279
199 164
179 758
816 701
104 166
714 798
305 477
243 375
615 168
710 365
863 447
525 19
850 569
969 198
310 924
950 739
820 630
97 268
394 550
297 272
324 293
370 744
472 299
174 150
176 500
55 207
936 163
637 141
476 661
936 729
612 182
894 141
762 383
62 918
57 243
620 13
394 53
517 414
610 955
770 624
302 719
386 270
212 391
192 484
141 911
999 199
602 236
330 750
774 760
706 734
601 606
209 252
923 14
388 287
148 389
47 746
77 352
166 739
693 525
851 47
635 134
564 347
212 735
367 474
83 395
610 190
977 495
593 548
282 955
905 32
661 961
461 804
790 511
202 192
613 710
139 636
911 596
540 563
207 657
921 68
322 954
736 554
1 577
789 610
446 57
876 892
479 41
652 984
429 963
603 727
807 329
138 804
329 962
279 999
248 323
658 620
354 597
526 85
726 584
370 997
403 426
925 189
941 835
56 799
212 466
21 967
755 717
450 336
872 413
531 267
942 114
158 837
22 617
825 412
428 958
782 726
161 795
660 908
672 759
970 997
282 279
488 144
279 724
944 650
9 685
59 879
259 99
252 525
308 138
468 306
180 613
223 647
696 699
136 230
476 64
340 531
488 31
199 175
456 490
864 967
31 245
443 779
4 676
66 712
628 470
906 317
795 396
279 355
234 829
310 63
231 355
527 416
927 481
472 330
353 726
31 155
552 512
706 388
705 393
102 314
985 645
971 2
309 830
478 802
18 829
386 25
202 954
29 446
494 514
921 139
131 192
222 116
894 157
965 280
623 965
230 161
605 404
57 45
901 713
143 787
815 966
489 738
548 586
670 965
573 889
223 743
30 81
803 923
747 86
464 848
164 430
490 37
545 847
299 299
848 641
551 428
106 925
81 696
621 378
511 386
665 413
0 671
879 653
899 959
542 256
312 982
297 184
846 993
973 105
64 204
138 309
630 604
540 533
441 290
820 752
122 651
9 62
640 970
710 974
789 332
395 662
905 557
801 445
473 228
202 371
988 354
609 909
126 385
43 995
787 223
794 543
862 156
676 140
639 947
250 257
859 264
796 327
334 549
403 629
179 262
263 49
850 216
7 371
337 936
597 251
39 963
366 198
336 575
342 721
91 900
209 93
865 856
745 161
27 426
822 665
766 936
821 855
742 344
931 854
230 787
398 585
747 570
344 188
376 445
674 480
289 21
203 38
366 451
492 321
393 980
342 579
384 291
248 678
143 632
184 711
256 859
646 695
889 937
106 291
271 135
363 592
922 113
313 580
330 854
100 999
770 532
998 642
642 180
979 117
587 247
664 903
705 455
56 643
283 518
474 136
968 783
52 709
16 724
219 607
528 913
772 181
664 853
391 700
303 756
954 409
857 700
365 547
191 449
54 205
385 552
959 360
744 803
683 711
149 914
700 754
450 564
720 514
505 563
771 205
73 55
442 315
0 245
240 317
296 452
388 321
516 747
213 820
68 994
710 248
452 141
507 675
715 299
544 223
981 963
995 424
587 843
923 560
408 313
380 537
63 313
681 520
64 85
891 681
249 978
835 478
336 548
331 849
773 157
567 896
577 806
813 601
652 528
750 440
83 225
256 276
573 13
476 227
110 659
158 580
855 495
268 872
906 449
339 72
976 392
412 726
152 635
836 425
978 728
162 502
618 283
108 712
572 60
513 291
977 210
574 1000
326 690
334 232
581 26
912 85
471 512
785 232
930 252
939 904
546 147
831 97
5 771
120 640
597 208
848 525
218 889
336 445
198 73
622 365
864 524
495 649
359 260
624 442
67 689
530 373
194 501
148 156
820 343
702 762
141 660
391 780
227 373
871 748
667 473
574 863
667 436
218 822
376 350
289 343
284 327
310 251
239 451
280 466
441 241
713 261
469 281
927 607
176 409
768 241
754 430
445 790
502 277
133 571
961 956
901 5
887 509
11 569
333 350
884 125
706 861
800 193
484 188
641 360
137 900
256 611
972 251
28 291
622 198
40 34
802 659
205 434
214 56
497 151
887 28
965 900
288 391
857 508
925 576
729 969
492 150
838 925
594 858
23 498
458 481
697 251
725 421
729 529
625 534
348 327
455 637
396 944
436 273
993 545
42 579
768 166
258 175
233 185
682 413
950 798
296 705
7 758
548 970
297 304
661 153
961 379
225 304
799 954
303 957
73 746
689 382
482 692
791 651
32 65
160 523
723 535
606 75
708 57
502 5
854 896
390 958
567 681
50 536
170 960
711 580
273 653
38 904
39 580
466 127
622 526
494 261
341 868
267 722
79 547
853 808
655 232
794 815
295 293
384 293
667 256
875 671
252 642
729 119
322 612
899 652
623 891
155 87
401 760
207 779
409 527
201 312
235 482
556 529
799 244
614 811
483 243
487 88
509 896
595 54
704 43
968 137
573 902
952 494
129 885
866 485
413 433
862 28
874 297
424 510
281 490
772 124
571 711
827 745
469 627
310 274
958 620
818 182
697 385
563 382
11 282
285 117
230 740
384 341
281 50
761 9
294 10
273 696
640 414
902 208
988 210
892 845
256 0
538 207
180 218
922 601
299 788
843 498
85 841
757 240
301 400
180 246
562 223
580 706
790 763
15 435
223 351
41 366
132 951
402 643
340 602
337 109
965 671
735 390
663 829
720 497
559 442
183 312
479 221
939 788
847 595
710 130
635 60
39 639
72 578
129 329
828 825
653 266
30 84
422 782
685 904
286 696
506 917
173 857
422 551
245 960
234 469
681 102
727 767
356 468
795 430
339 427
681 953
911 366
311 655
256 31
545 341
305 101
723 571
254 753
783 580
488 750
864 190
597 451
347 336
599 195
318 853
690 271
209 499
376 11
540 658
211 471
686 265
745 10
402 751
886 168
783 592
63 940
616 973
703 13
883 744
967 438
872 500
799 746
736 957
624 183
695 947
328 770
772 28
302 947
654 538
847 519
713 18
184 499
194 345
129 821
433 370
337 98
84 397
447 882
149 162
171 433
17 194
397 883
226 69
310 689
286 943
720 235
841 511
21 993
304 250
424 563
993 63
385 27
608 422
146 252
74 526
310 938
748 470
346 972
976 169
95 685
788 34
706 620
200 904
647 513
147 709
509 268
450 417
697 391
614 133
404 707
98 485
289 868
445 867
945 205
110 746
855 86
349 164
606 219
208 903
777 126
78 781
833 764
248 588
498 224
769 115
391 476
996 26
675 124
385 78
264 191
547 885
146 70
992 501
2 854
557 715
440 231
758 357
750 615
253 830
48 941
525 342
284 280
632 369
373 522
507 493
907 305
568 441
586 333
835 496
484 612
691 78
479 412
688 602
411 740
233 533
464 519
520 229
179 267
547 901
457 721
959 131
744 56
445 730
847 882
924 1
487 339
314 920
946 328
964 209
232 574
364 241
38 116
965 66
925 39
728 571
124 427
907 111
444 188
876 126
988 323
613 245
632 407
361 130
709 981
426 137
360 343
472 640
26 7
636 222
528 397
927 347
665 867
569 414
134 504
431 300
971 627
992 536
289 964
788 241
329 849
680 101
321 127
925 269
549 959
585 393
989 678
293 43
956 70
737 46
612 410
607 956
435 659
968 402
676 449
260 599
391 19
803 73
765 647
281 344
242 982
374 826
120 260
347 443
917 166
671 444
252 825
395 789
180 820
887 158
709 26
857 166
278 673
289 102
901 759
518 322
332 372
670 778
85 757
821 155
918 272
406 976
145 997
594 742
471 435
205 569
454 763
608 805
494 617
536 295
831 479
368 258
309 888
109 961
60 470
878 759
448 254
19 774
507 416
978 101
246 110
503 384
715 534
398 524
30 883
399 15
114 841
714 985
820 993
950 1000
725 378
591 41
274 669
375 696
491 997
567 787
486 544
424 138
931 550
23 836
112 148
788 841
56 67
607 500
406 847
175 591
677 606
647 294
273 885
160 435
353 459
340 898
131 381
477 348
773 572
119 471
427 860
53 725
85 783
268 798
64 71
592 886
780 821
724 581
722 319
434 330
723 403
455 772
594 214
896 82
246 847
11 193
714 858
49 133
553 613
867 664
118 35
566 489
327 107
889 804
315 261
442 744
489 969
144 786
12 794
758 600
314 932
277 705
345 538
453 257
588 373
192 559
625 295
293 844
79 185
287 680
105 795
182 115
64 624
505 285
6 958
925 12
616 55
777 725
963 483
516 426
523 618
402 958
367 107
887 522
126 190
209 215
892 987
535 296
529 274
549 937
829 626
283 36
777 638
196 937
4 274
15 336
28 482
562 885
335 6
461 613
705 71
116 159
680 385
583 42
726 484
786 350
293 55
811 831
468 341
189 831
975 227
173 605
371 178
322 442
175 796
434 838
122 992
5 681
69 657
944 310
267 997
405 352
712 1000
493 991
175 232
630 735
996 389
583 86
817 249
269 495
767 736
635 765
420 631
350 690
463 407
436 946
194 23
159 697
582 349
249 65
343 857
839 818
128 932
868 125
178 998
757 169
794 999
241 145
166 30
215 813
817 676
34 352
868 226
974 256
630 218
963 743
598 31
77 756
813 727
267 665
699 738
222 877
567 373
264 291
902 828
471 145
38 156
348 696
548 840
439 570
346 368
164 811
162 301
289 115
186 625
846 754
857 905
399 432
624 486
76 380
140 263
31 606
939 205
996 539
433 716
637 587
99 69
625 949
933 681
91 414
321 819
59 325
207 609
486 205
826 363
24 294
619 930
795 42
418 334
117 366
3 283
518 895
654 139
488 129
154 140
539 897
639 499
0 75
775 466
567 450
639 385
287 688
943 297
470 268
117 178
419 711
347 721
400 442
909 200
632 566
888 941
864 267
692 644
448 746
991 195
730 456
42 986
430 390
353 967
240 683
740 414
232 859
94 76
96 61
772 254
533 986
912 823
163 466
213 237
830 836
0 298
383 121
452 283
75 678
750 95
842 298
404 807
716 438
820 64
380 5
672 892
602 807
380 141
938 274
239 542
771 255
152 801
532 654
987 777
366 470
980 953
550 274
949 539
779 487
745 32
414 54
698 491
341 430
758 299
259 675
574 429
823 383
928 239
808 715
191 779
479 854
46 243
996 358
690 15
398 495
989 374
608 182
851 833
23 136
715 298
755 676
952 898
86 529
971 553
930 949
613 920
140 549
0 391
317 471
314 664
826 711
552 29
872 24
552 33
553 454
333 15
449 957
345 712
143 134
682 269
858 912
533 941
535 560
871 122
216 507
112 61
458 378
577 667
889 398
832 129
627 68
372 693
134 441
79 444
211 363
57 975
807 697
930 330
674 825
190 864
524 385
533 212
264 429
561 408
126 59
565 592
768 633
16 538
575 584
73 874
56 239
134 827
225 653
735 725
619 487
355 932
436 391
45 284
963 671
775 134
539 212
63 719
711 597
952 829
985 244
962 237
599 69
869 150
344 671
77 231
400 927
551 812
31 632
699 568
238 239
801 945
664 942
26 862
577 338
537 357
725 384
314 87
828 734
989 989
372 769
232 609
746 546
748 214
304 535
993 815
123 10
503 516
96 445
106 794
484 41
112 337
728 876
425 410
768 54
548 635
476 611
527 961
177 608
782 148
933 937
580 498
543 108
377 808
972 604
301 567
79 687
908 86
814 691
766 850
620 955
630 238
896 666
49 447
898 859
836 144
376 797
344 759
614 217
389 257
648 761
285 149
28 902
18 935
120 910
43 479
755 31
539 900
496 397
994 600
632 410
727 527
790 636
953 74
954 55
887 14
547 589
373 397
540 716
899 835
363 634
755 281
241 383
807 885
877 713
960 518
845 599
500 486
746 281
626 443
923 223
344 18
233 573
269 315
244 930
879 18
150 184
735 484
26 887
229 127
723 154
34 325
620 22
337 97
659 755
496 175
48 764
332 620
568 487
782 821
851 694
80 76
410 664
998 182
1 828
718 55
503 676
66 926
47 191
44 575
776 196
131 251
795 538
19 326
974 800
880 148
217 748
930 475
603 0
896 664
28 703
285 746
899 1000
504 68
910 618
296 194
377 428
519 713
699 910
230 687
786 348
756 399
934 303
686 832
943 554
788 35
204 512
783 949
826 82
105 597
678 174
689 709
570 255
434 187
85 38
28 498
305 330
378 317
419 6
219 325
652 141
107 186
916 573
644 372
747 482
141 238
217 981
793 64
338 547
142 620
292 566
454 428
199 459
516 744
727 421
271 435
869 611
491 234
756 833
155 851
462 170
946 333
431 830
399 840
724 358
856 695
577 698
867 116
510 928
206 924
75 771
682 90
598 988
430 815
265 258
322 650
759 477
997 531
314 182
820 42
882 402
487 509
705 80
986 679
519 548
929 5
894 185
828 954
520 692
356 746
435 522
282 192
410 200
730 599
148 824
961 869
397 657
546 882
568 419
220 633
545 983
587 711
425 562
884 472
766 41
450 875
185 852
733 171
323 422
604 902
747 235
161 965
337 933
286 68
867 792
691 470
319 700
256 43
953 918
933 268
428 899
338 19
445 857
578 206
133 754
444 585
535 532
65 981
150 809
714 402
954 221
334 281
452 890
59 35
543 471
369 797
584 562
92 967
876 648
800 658
779 20
823 316
518 539
62 657
121 374
357 40
750 408
237 257
898 995
515 534
627 201
627 180
99 275
114 684
13 640
565 685
519 520
949 900
880 15
582 390
545 440
549 315
364 68
734 842
830 698
719 408
347 10
72 23
617 669
659 986
372 512
753 861
990 174
205 534
975 694
981 514
342 440
256 575
542 932
210 473
939 707
199 603
60 909
230 161
519 568
980 48
157 457
425 55
197 650
379 830
177 574
727 31
516 420
11 904
785 263
394 909
617 902
517 629
386 337
270 911
200 70
361 932
68 230
105 899
22 344
738 146
540 616
900 619
304 222
882 631
277 661
455 503
7 860
995 125
705 773
573 359
960 158
256 312
243 887
211 74
507 423
631 628
130 87
157 723
560 480
409 968
455 793
649 145
765 877
729 248
296 562
370 964
337 457
53 842
646 276
787 236
289 165
315 353
971 280
464 0
620 504
93 868
358 342
721 113
162 240
76 416
476 34
522 984
30 501
662 193
189 6
645 750
624 407
766 410
507 546
28 469
438 107
248 798
709 312
490 650
35 312
726 807
25 715
748 621
398 562
204 212
707 214
128 805
620 593
294 161
695 952
461 736
550 272
134 264
3 758
11 348
374 611
139 765
521 224
41 386
545 476
328 884
785 610
981 337
898 557
564 254
536 854
614 873
78 362
808 467
131 24
348 895
949 44
937 958
258 566
111 602
608 206
96 424
344 860
630 567
948 47
832 401
629 565
951 698
57 809
442 171
625 271
274 85
976 504
642 561
808 291
939 541
708 854
362 84
978 180
928 619
976 101
501 731
930 66
440 172
968 18
696 232
729 931
241 86
91 219
673 10
735 53
898 261
16 589
812 617
71 846
888 956
183 220
948 486
3 946
989 401
448 492
19 876
297 583
466 663
901 17
828 753
778 153
683 874
161 563
346 522
980 637
428 10
503 431
626 774
899 774
297 712
303 632
882 565
372 15
22 290
894 13
573 532
58 109
316 301
247 599
496 630
656 754
901 810
587 543
244 827
589 795
516 967
68 680
295 241
26 245
332 330
385 321
431 929
401 528
712 582
760 280
433 839
470 548
627 549
229 608
330 387
543 123
537 250
537 984
668 947
459 256
566 736
774 891
404 832
782 351
821 699
865 150
882 581
660 912
228 578
749 38
226 299
90 816
541 205
931 780
116 988
962 967
798 974
581 882
739 263
654 863
78 142
440 948
915 797
805 232
635 303
469 157
957 716
243 970
634 444
967 839
530 836
462 916
620 214
94 140
450 410
276 536
127 8
474 143
639 409
400 419
794 986
207 801
179 992
433 437
792 85
62 410
305 234
981 607
747 346
730 825
59 615
236 272
263 845
441 276
528 761
947 739
398 410
382 661
738 270
492 352
595 773
685 913
204 819
990 657
142 658
968 100
939 899
680 241
466 549
154 747
979 35
811 198
820 583
763 16
908 370
369 749
406 799
903 429
719 491
607 169
884 863
356 295
331 52
64 163
171 225
969 634
360 370
853 615
298 765
68 403
855 33
678 701
981 501
419 84
447 22
548 694
719 782
322 152
868 186
99 768
671 463
590 659
300 830
359 881
754 131
950 168
324 513
822 787
259 739
433 357
964 346
860 328
399 761
353 617
365 322
220 233
906 836
332 969
587 109
727 366
915 404
386 407
189 845
364 749
227 27
299 718
831 45
511 559
246 363
595 853
668 727
631 900
865 473
409 746
257 64
610 406
88 620
151 327
348 267
819 986
68 308
103 359
766 142
248 107
156 47
469 2
714 889
189 954
66 610
141 236
55 484
915 261
270 44
328 789
181 332
956 437
824 909
388 362
273 907
545 555
744 702
429 175
897 778
800 383
596 642
504 219
523 53
149 10
462 12
851 163
53 546
302 793
214 617
387 309
126 962
829 915
11 469
295 712
608 940
269 348
528 456
230 652
951 451
538 285
715 449
427 457
860 911
147 499
283 171
301 222
588 504
532 184
272 1
779 946
972 891
450 543
685 705
736 13
618 462
820 388
298 516
530 475
25 98
752 874
662 921
875 680
758 439
750 203
738 885
239 588
85 320
455 175
938 233
566 211
0 974
524 884
660 857
596 356
99 250
183 493
871 320
221 885
615 975
636 391
350 689
169 370
36 757
271 540
314 611
951 762
966 116
261 640
306 984
472 426
25 705
823 335
246 795
4 301
945 474
145 316
962 214
332 498
845 765
54 430
626 383
705 241
388 942
601 546
694 556
300 942
142 898
13 816
689 117
512 209
770 600
638 325
636 245
992 28
956 721
823 24
624 338
79 483
281 131
209 501
45 136
104 763
56 435
376 206
845 741
429 520
898 811
513 343
22 309
293 971
526 521
614 303
913 638
443 52
976 696
14 242
567 253
434 214
108 640
418 879
316 383
706 598
986 853
937 845
236 676
846 914
338 957
721 319
138 990
475 732
190 141
616 897
650 36
60 373
398 353
576 198
428 803
458 88
773 489
504 482
689 566
561 843
860 428
906 777
678 361
964 819
883 160
716 975
400 689
19 186
563 954
167 136
406 132
701 169
814 336
460 961
465 649
674 270
459 972
428 819
949 68
240 297
935 928
551 230
799 313
68 858
954 795
639 449
399 496
124 0
903 711
56 180
614 865
302 380
999 993
730 632
608 8
897 757
138 442
215 818
440 313
1 770
345 242
171 324
287 827
455 867
822 914
74 565
595 713
567 355
134 509
645 344
732 100
345 724
719 348
962 908
915 576
731 290
545 280
420 510
322 38
296 451
61 558
306 494
905 510
562 513
441 174
916 719
381 544
565 583
207 542
724 904
182 611
772 568
901 690
410 207
252 372
969 849
982 913
422 235
362 991
431 644
973 432
232 230
349 908
521 227
289 318
103 420
552 817
644 12
926 369
892 346
291 107
176 416
39 581
934 465
607 801
581 428
774 304
402 336
948 367
661 913
360 443
391 892
727 819
358 928
287 501
727 220
179 992
169 498
474 996
87 554
522 167
547 420
644 2
323 291
27 556
587 782
483 255
640 894
955 929
73 199
951 194
93 4
511 304
0 70
428 131
720 603
218 799
580 639
702 468
614 641
839 643
480 897
2 959
702 794
998 963
375 780
25 186
568 51
791 533
605 633
938 435
118 987
319 53
924 840
999 239
728 568
985 445
654 14
392 441
93 641
644 63
208 245
388 563
134 668
702 495
951 558
600 863
655 724
196 816
328 684
268 534
255 916
721 133
811 326
887 646
691 630
506 22
486 467
751 544
157 105
14 421
203 929
276 562
3 810
613 674
412 120
415 4
801 867
305 806
722 205
544 224
506 771
198 573
355 738
18 469
459 192
210 93
706 899
555 482
470 332
859 547
251 222
368 33
567 945
854 169
874 252
27 678
553 420
822 611
224 488
124 772
883 335
486 404
519 70
81 126
887 423
540 668
234 707
341 951
79 751
484 846
797 461
960 650
95 626
724 886
395 373
901 816
537 799
453 44
959 678
268 163
275 584
64 540
441 557
882 658
124 462
736 754
247 833
39 861
587 513
140 408
845 690
189 705
88 309
920 829
876 163
617 724
866 102
146 654
846 939
394 290
769 569
873 486
220 869
408 977
558 626
259 840
792 923
895 861
620 8
925 480
436 352
456 683
60 8
35 440
681 996
163 566
596 90
883 181
230 266
82 465
585 444
305 181
804 429
233 276
592 535
306 933
114 859
979 539
828 281
511 43
197 923
118 838
942 508
426 510
198 120
923 460
661 263
233 155
739 722
378 156
950 609
925 704
929 90
442 60
537 777
930 193
549 241
623 215
775 966
592 454
154 721
791 712
879 766
586 249
241 192
187 340
83 977
858 669
860 723
550 732
653 146
249 689
18 582
718 502
19 946
86 162
427 744
19 448
146 206
5 997
967 994
237 642
727 416
520 360
389 379
421 761
595 638
86 901
316 762
537 151
371 122
670 442
247 278
888 960
947 923
850 579
86 309
718 107
175 573
855 40
39 426
238 254
459 58
862 192
333 125
566 30
207 84
302 737
615 874
655 211
537 626
444 617
911 108
981 107
472 976
905 779
407 760
858 11
869 637
45 782
48 293
186 487
867 985
558 807
759 248
349 213
462 844
803 143
806 303
420 85
983 607
107 112
880 469
883 655
615 910
392 370
402 182
617 352
624 443
601 379
70 732
106 699
558 521
127 299
622 136
20 532
447 762
393 839
753 269
542 742
195 562
256 441
905 618
391 660
400 114
895 526
839 942
846 719
556 13
589 152
227 400
214 957
699 189
466 121
438 914
766 369
223 79
679 543
472 612
739 342
978 241
61 979
425 550
186 163
454 850
850 292
950 994
626 10
622 424
503 940
355 224
30 716
261 299
468 928
496 2
433 319
963 4
877 994
562 709
55 494
633 755
324 211
321 403
639 899
929 295
509 244
990 834
100 658
306 471
78 641
258 122
486 283
812 860
538 992
761 133
876 623
826 837
902 54
120 91
439 268
848 850
35 160
710 555
508 773
249 195
408 784
984 441
870 573
660 40
774 466
11 353
876 38
221 440
542 807
758 323
958 39
833 734
200 365
507 422
950 572
686 350
36 117
720 303
914 879
661 650
282 714
352 664
457 23
871 694
408 139
797 984
911 935
37 896
46 334
399 52
639 51
403 853
552 306
656 61
131 299
503 560
314 123
325 664
448 75
527 120
581 18
390 687
1 996
552 147
409 889
821 686
194 87
801 800
121 941
486 913
932 598
291 770
26 432
805 711
632 850
988 368
553 569
627 350
684 48
170 240
23 604
551 244
531 336
37 812
578 456
676 691
584 134
586 522
866 425
601 255
849 956
9 509
286 393
734 263
421 470
298 548
444 826
117 203
646 144
290 44
610 427
290 713
563 380
433 844
838 145
322 357
712 119
451 127
343 512
173 887
17 35
56 214
568 225
998 600
871 30
768 30
872 886
453 186
910 855
727 366
233 611
678 258
377 945
722 754
7 847
324 263
137 193
494 77
831 623
729 196
883 250
956 381
568 431
605 991
546 99
826 348
273 67
711 253
180 471
603 319
956 425
635 205
514 774
944 845
832 678
169 508
204 23
398 238
166 334
642 353
802 608
273 40
846 304
889 635
466 625
576 84
209 277
364 508
718 910
334 763
204 297
339 312
62 148
539 670
71 274
290 392
873 729
159 494
958 57
70 588
415 832
88 187
765 911
11 139
137 627
342 321
438 690
425 213
929 77
556 297
930 629
612 50
442 106
414 960
190 678
907 759
261 637
664 567
461 921
494 876
507 291
670 670
491 745
952 946
223 297
631 597
106 418
388 761
838 816
424 120
620 282
445 474
108 332
603 539
68 854
118 746
160 566
551 175
738 37
415 250
107 709
752 86
194 250
496 474
864 812
506 644
730 80
921 943
671 466
975 707
308 920
991 742
672 639
167 984
742 871
959 354
595 567
557 744
221 66
250 626
684 547
690 539
743 706
302 616
391 164
72 179
882 719
162 170
567 750
822 545
396 814
814 803
163 560
56 44
792 487
941 179
343 317
732 44
531 381
78 999
4 232
70 903
437 483
155 885
831 910
128 140
549 884
489 543
595 656
564 952
444 75
731 59
203 878
809 180
377 146
585 496
650 174
768 313
808 224
858 827
663 215
892 286
114 125
63 933
514 80
628 510
497 823
919 80
867 631
516 618
997 779
577 787
575 866
78 859
216 868
814 594
35 28
613 881
630 900
817 654
606 273
806 928
337 551
144 856
86 882
162 540
201 97
352 148
217 616
765 779
989 388
393 243
780 29
779 66
928 325
506 564
617 849
289 155
506 506
471 705
256 500
588 729
981 626
388 147
693 505
262 154
127 400
888 698
577 670
228 173
178 948
162 256
657 898
917 822
486 50
511 170
566 917
567 576
934 872
863 666
742 589
651 415
273 946
912 417
551 670
170 870
794 33
136 134
260 744
701 83
756 282
544 701
828 981
157 517
757 786
503 832
909 102
633 917
947 957
78 47
710 990
677 52
300 108
557 16
60 612
633 71
231 190
904 409
1000 921
985 629
913 416
538 591
882 482
276 455
255 121
884 369
57 62
228 402
356 730
188 421
72 694
4 256
618 949
202 39
695 368
743 776
398 720
850 177
310 921
171 390
729 903
297 849
824 451
821 983
11 903
628 100
995 430
582 921
315 656
92 300
156 228
534 643
275 162
744 746
382 242
103 946
707 865
746 615
982 4
306 206
1000 2
232 616
889 299
910 128
207 47
414 293
979 222
632 543
12 324
179 844
585 425
64 918
537 711
419 833
398 282
849 788
558 687
478 238
413 728
769 520
516 251
865 658
963 532
339 660
452 446
252 390
494 845
70 493
233 91
28 723
237 612
683 364
283 734
342 214
898 27
331 953
364 609
615 865
88 244
568 44
861 698
299 534
870 216
669 847
853 499
535 207
496 624
891 45
824 543
300 450
110 534
83 373
960 444
971 894
349 39
915 890
723 37
91 63
545 727
989 301
143 739
464 440
572 70
535 755
539 425
108 683
553 641
66 843
809 79
229 117
292 856
173 608
708 709
847 577
608 463
980 828
258 521
437 854
431 548
718 88
611 203
149 709
342 242
454 291
628 83
428 858
763 73
889 258
102 869
264 230
783 688
368 898
935 125
529 499
611 99
673 420
956 390
418 126
482 345
170 911
689 116
626 354
223 312
126 706
227 837
326 806
673 919
45 252
592 710
552 612
793 653
720 910
879 248
475 935
744 434
584 268
643 756
784 871
632 52
335 271
605 137
506 381
870 611
58 146
311 939
791 558
959 45
155 296
575 448
828 435
193 699
997 729
746 453
731 920
308 596
804 454
441 60
835 953
794 323
102 367
113 485
646 452
834 122
622 263
108 261
34 54
249 449
79 485
964 874
86 462
339 303
419 758
162 425
885 636
515 455
523 977
499 286
930 109
52 214
120 951
891 560
821 979
209 998
787 694
754 415
519 225
75 721
603 738
622 842
199 491
559 533
169 890
578 300
829 356
208 507
367 171
216 947
104 924
837 806
367 582
20 121
474 452
561 750
548 532
186 732
554 33
194 652
435 291
968 656
430 730
614 645
735 729
177 665
190 503
979 486
614 774
201 651
290 153
72 139
72 152
998 546
712 589
438 978
616 548
170 566
730 276
740 13
28 393
363 0
742 832
834 538
833 321
550 462
708 174
84 555
79 699
966 282
609 905
586 386
296 453
790 688
498 405
698 638
389 609
300 96
726 981
517 589
644 35
495 290
929 555
190 852
921 104
958 908
169 770
559 594
567 834
626 421
241 539
3 657
949 951
346 83
411 361
512 50
197 280
563 768
878 800
214 4
637 736
91 612
601 421
773 280
495 98
576 100
352 112
800 489
894 187
707 971
145 536
56 446
725 245
129 281
147 276
732 906
924 12
156 470
5 59
664 285
958 855
755 504
149 941
579 307
859 510
280 397
596 815
23 407
393 38
653 879
173 595
319 375
688 504
151 645
741 841
184 867
7 606
808 510
590 481
587 237
350 140
225 260
462 206
696 734
599 436
589 155
526 465
846 406
54 479
683 141
374 470
753 384
482 581
89 463
615 240
712 568
985 560
54 339
722 102
344 355
232 645
499 842
393 902
854 136
591 237
205 288
694 833
483 510
285 736
771 504
28 210
229 875
458 165
906 927
329 584
686 693
550 158
752 625
264 597
606 752
54 844
399 69
903 339
929 984
150 178
271 212
367 910
17 833
1 757
180 4
962 614
927 502
140 959
817 869
654 634
794 994
13 784
123 454
997 296
146 942
10 703
216 986
24 458
632 858
621 846
921 738
109 580
254 513
218 63
248 986
493 377
903 945
819 493
604 20
121 167
398 960
124 748
181 449
190 392
88 426
625 758
474 20
147 192
531 382
660 407
639 21
982 333
773 632
384 309
471 781
347 630
467 623
108 931
771 198
957 16
197 585
850 778
910 7
767 217
748 808
422 109
463 592
920 223
343 663
873 250
157 795
972 902
0 349
129 83
601 7
857 984
409 935
919 139
897 231
151 312
519 231
157 726
530 859
828 963
73 670
155 949
725 74
614 621
106 185
588 854
377 282
935 788
594 762
229 652
654 359
473 355
257 278
625 24
491 36
497 557
159 638
261 54
407 273
204 883
263 175
689 563
748 41
321 157
405 604
318 799
39 649
845 40
745 457
996 749
264 293
830 755
806 889
698 863
383 551
914 99
135 170
500 750
216 951
571 261
959 792
797 200
686 795
563 547
830 24
543 800
189 436
952 692
186 707
966 615
461 397
574 155
641 1000
833 391
597 948
713 330
848 521
369 201
816 934
741 123
60 223
811 753
635 490
295 666
765 636
401 230
345 270
41 491
892 469
244 426
346 943
283 408
707 560
539 565
862 91
279 879
821 860
607 734
389 517
900 973
920 561
986 302
879 704
570 414
780 450
327 597
16 395
2 915
766 260
245 820
559 232
873 586
23 548
577 265
109 504
432 190
430 232
541 87
680 559
677 496
730 180
97 753
883 88
387 182
160 796
302 698
570 494
249 927
663 455
265 681
730 784
993 559
458 735
504 426
771 182
368 810
513 277
419 820
118 54
458 685
265 976
679 271
572 899
362 836
298 401
447 325
361 892
151 112
991 261
173 339
183 390
260 995
963 315
121 483
700 145
461 820
916 511
547 382
337 500
950 780
548 113
139 837
728 243
854 42
293 73
31 29
829 276
798 337
672 166
192 556
246 110
982 837
893 60
399 978
775 910
243 671
455 818
14 971
944 633
270 605
890 309
241 993
864 100
822 419
98 678
524 668
963 625
386 217
730 660
297 465
630 267
601 113
945 741
73 284
31 194
632 338
215 880
681 643
462 77
14 772
403 554
445 212
285 930
980 17
912 329
549 411
722 670
30 732
176 296
764 338
641 217
957 4
358 175
269 65
919 691
43 440
835 274
59 748
55 322
585 799
211 20
989 58
112 226
182 441
929 70
62 892
527 675
708 465
244 555
726 970
906 559
555 370
842 820
556 547
306 214
348 692
582 660
28 239
177 318
11 370
452 363
982 358
113 368
975 482
448 951
619 947
692 439
915 566
141 886
837 230
444 19
909 81
362 404
787 607
920 647
375 171
686 246
131 583
316 437
743 361
513 488
649 746
445 754
698 124
381 736
219 563
847 941
941 897
299 236
714 12
151 930
482 382
577 280
721 989
369 210
406 523
302 610
112 54
579 892
580 224
142 952
526 414
141 640
609 184
264 774
168 466
520 66
243 599
687 232
125 910
185 111
182 234
987 863
728 911
990 698
10 365
304 407
802 9
896 859
133 653
928 633
145 348
873 721
867 997
424 100
837 234
238 485
757 397
963 953
649 652
295 596
134 982
679 170
973 539
154 486
316 107
6 621
652 658
973 621
709 427
165 924
677 294
187 777
608 135
689 618
136 676
662 434
870 298
605 617
846 239
850 445
761 926
316 638
209 700
490 376
839 367
445 142
735 704
129 949
494 289
978 846
89 233
256 144
581 708
80 912
812 53
866 858
951 138
504 553
524 489
608 603
223 944
269 305
437 95
283 144
155 86
669 435
244 68
644 5
686 838
47 336
564 879
184 257
725 47
230 657
188 721
919 716
642 114
592 19
302 23
856 768
17 824
97 898
34 424
28 984
185 96
813 578
277 505
436 499
407 509
358 806
113 814
101 298
308 284
955 465
571 512
249 210
142 445
754 410
668 144
395 349
262 917
977 568
345 520
897 374
400 331
854 946
396 946
462 117
936 795
538 382
889 219
595 589
692 208
541 250
147 305
671 96
968 499
729 150
300 59
208 166
176 364
892 843
720 127
526 517
778 628
38 796
174 211
562 438
451 986
584 989
758 669
227 537
215 931
682 818
460 568
760 593
876 538
602 827
346 171
226 516
256 243
349 816
688 14
160 868
862 998
533 660
125 195
645 701
880 858
214 596
535 118
156 354
62 229
854 323
95 990
209 748
97 267
604 495
326 263
710 340
789 765
732 117
240 573
117 811
450 993
474 998
502 958
722 401
446 572
704 860
941 177
289 108
382 836
911 74
593 22
590 571
207 51
775 724
287 97
854 252
818 852
94 123
355 675
444 877
763 375
706 272
316 753
85 214
226 21
542 663
786 600
825 478
894 89
631 660
349 421
970 48
460 699
136 833
697 831
234 920
669 32
224 762
442 632
145 217
684 653
65 736
970 242
482 864
136 624
462 955
766 817
717 540
223 726
162 513
691 515
33 972
572 954
797 545
889 355
105 158
423 726
704 89
67 39
807 726
949 737
213 790
205 992
40 307
988 773
921 519
908 255
212 437
264 73
32 298
43 910
661 337
839 503
980 327
51 12
998 810
674 851
261 644
887 962
451 998
2 213
994 433
941 978
335 136
460 594
186 610
238 357
159 160
424 597
32 450
117 690
992 109
460 591
705 508
572 627
352 233
488 658
484 294
797 352
476 389
896 340
57 584
739 296
405 649
619 635
531 13
391 902
849 593
973 345
433 8
121 193
984 285
262 496
770 281
610 838
802 686
176 326
866 0
293 499
579 180
7 785
142 705
725 807
565 202
811 337
433 406
194 746
178 260
295 2
560 703
136 744
133 408
67 411
474 577
908 542
326 840
15 962
134 34
163 247
970 710
866 544
131 679
757 777
365 348
795 981
312 807
271 108
468 813
354 470
50 753
830 114
164 465
423 67
698 516
83 625
280 828
397 126
409 583
550 600
729 547
35 341
586 284
694 313
142 99
182 380
882 583
295 547
861 99
727 89
813 789
318 366
96 489
483 352
200 554
603 524
167 537
815 706
289 341
581 701
242 306
322 816
626 837
598 544
214 390
41 169
75 584
557 937
23 492
427 634
724 589
316 967
712 941
656 492
774 674
102 245
933 3
762 160
101 218
762 286
687 775
391 724
38 688
236 369
853 568
592 101
69 358
798 178
39 270
847 463
990 216
180 385
823 69
97 974
737 894
983 880
374 581
864 480
643 829
356 672
441 549
157 216
986 21
231 559
271 796
834 723
447 42
622 440
444 279
476 876
746 746
520 335
548 244
995 845
788 713
492 22
222 535
517 582
505 981
210 578
75 731
275 908
624 314
380 785
310 614
742 647
979 211
269 390
465 481
68 171
683 219
732 924
774 509
318 782
17 543
762 390
445 746
8 403
813 806
796 931
949 971
515 346
942 445
255 756
78 460
719 866
279 598
994 524
329 232
985 983
608 663
75 205
988 15
178 747
41 720
892 971
581 368
29 410
903 991
814 985
111 217
363 587
693 904
431 686
529 296
583 646
336 417
495 37
575 23
646 377
899 666
863 888
408 640
308 980
503 72
431 999
158 950
416 122
885 174
677 67
34 62
465 382
6 329
139 931
362 572
225 170
846 682
139 229
693 242
794 821
618 867
682 315
571 101
214 774
107 153
298 70
666 478
480 1
354 127
667 433
122 372
157 858
973 157
590 284
758 184
528 267
522 52
789 6
278 451
178 65
741 726
972 7
807 52
833 352
831 937
686 23
752 893
619 420
592 147
998 666
212 185
869 841
526 816
67 528
851 802
45 926
391 309
254 885
630 5
258 156
823 811
451 107
595 767
479 598
862 933
32 937
330 181
443 262
36 598
65 482
123 570
527 553
137 662
208 302
171 453
967 774
352 396
619 979
33 193
151 433
260 170
313 462
393 659
180 455
840 305
642 850
267 511
78 949
439 425
152 218
941 740
293 250
310 56
939 413
63 853
951 730
98 937
517 366
337 705
44 286
499 287
205 367
828 922
119 982
13 445
786 442
497 462
325 209
191 655
391 990
253 605
835 659
713 60
171 223
900 934
885 714
528 313
660 112
17 1
827 925
132 595
730 23
653 600
663 695
491 83
823 584
995 9
894 406
839 639
891 985
858 651
518 690
799 360
971 616
137 440
806 434
152 504
886 521
319 977
755 528
70 545
902 368
14 301
472 262
382 473
673 290
960 577
95 977
928 373
478 817
494 987
952 218
337 570
482 847
971 994
205 334
483 23
831 63
421 232
886 863
176 885
452 167
967 785
820 796
152 774
229 32
756 27
311 612
717 392
397 830
104 730
433 714
892 176
295 468
859 899
235 5
842 519
962 852
585 406
79 819
892 237
778 714
888 261
331 197
554 144
404 443
464 800
759 99
37 916
560 138
790 305
755 228
168 453
314 845
582 17
646 468
815 896
406 9
56 89
741 576
221 812
288 547
149 491
257 224
287 191
447 991
631 418
422 626
826 172
741 846
372 35
959 618
730 660
77 267
361 925
210 818
255 443
996 795
878 876
412 621
916 436
518 397
765 579
516 359
266 415
986 801
656 797
690 418
338 304
506 735
897 278
320 845
100 663
483 315
676 306
969 947
117 26
406 995
814 160
629 769
499 74
187 758
512 532
923 316
545 349
756 437
246 612
703 807
39 304
79 717
976 110
775 688
79 364
571 865
670 865
317 947
356 149
402 714
705 226
695 89
510 692
266 231
467 426
999 127
467 567
100 185
298 635
470 371
160 124
941 144
407 71
863 981
775 335
947 603
754 831
57 685
714 425
920 689
368 637
305 832
632 310
68 888
394 982
825 112
230 743
924 306
884 451
886 394
66 570
56 781
561 151
625 477
910 146
910 975
750 499
143 905
670 631
335 458
687 708
798 328
510 835
120 496
942 484
842 463
365 730
729 486
885 125
933 464
92 573
995 897
251 725
716 56
624 546
839 713
794 39
150 18
586 480
904 470
917 129
143 604
824 165
668 144
278 328
531 267
415 110
564 470
122 712
425 47
355 915
782 783
623 177
562 228
579 353
572 938
742 658
813 374
769 770
470 447
71 436
566 968
932 634
622 932
967 315
473 246
983 142
189 999
761 273
188 632
711 971
299 35
96 928
501 625
899 312
102 483
323 83
48 399
594 566
838 868
967 429
804 910
266 532
715 902
826 467
808 716
362 822
628 844
668 130
580 296
106 16
244 556
368 970
30 658
346 446
560 546
861 174
175 856
770 136
146 918
24 705
663 105
906 945
270 810
140 749
535 941
594 400
843 662
129 859
530 140
365 436
347 863
95 626
585 137
427 120
589 680
972 570
452 599
712 671
925 57
720 616
766 925
350 525
338 823
514 685
776 88
631 960
940 262
638 528
469 405
288 85
938 611
967 490
374 118
237 660
774 399
784 477
723 586
366 957
197 313
860 318
346 755
147 183
872 232
153 841
300 226
766 427
179 844
502 704
104 356
791 165
102 311
511 896
288 258
894 833
909 397
818 621
7 5
282 793
977 184
85 981
221 777
742 924
214 941
113 92
911 907
654 220
357 235
153 880
831 897
519 491
620 603
353 620
18 138
72 532
238 520
703 623
808 585
698 514
358 779
993 347
292 595
889 129
998 318
803 687
6 603
784 154
988 826
505 505
231 193
980 651
169 253
567 5
933 740
718 266
160 363
310 9
834 710
234 317
498 809
639 482
520 142
372 457
296 586
103 551
921 818
354 227
73 110
731 888
275 588
887 512
378 481
684 709
53 747
799 361
699 617
901 926
862 666
520 310
166 766
389 590
346 253
207 776
621 71
52 266
315 373
408 963
709 929
999 245
91 736
986 363
506 182
318 42
512 569
617 965
781 409
736 838
388 201
483 95
389 203
129 282
174 537
853 212
347 213
430 969
835 702
480 577
914 934
607 325
251 400
86 219
721 399
224 481
627 296
498 308
696 878
732 919
399 617
379 618
484 549
71 68
927 968
951 437
663 110
295 230
898 449
684 398
246 263
675 989
224 811
97 254
990 730
876 566
736 147
482 288
858 454
704 197
93 710
999 643
747 902
427 206
49 210
245 982
389 584
452 467
131 791
720 409
48 424
97 126
173 364
966 469
621 372
950 250
645 643
50 381
482 771
654 122
881 633
200 307
269 45
464 856
726 801
990 117
669 252
218 33
739 553
541 221
613 744
599 267
512 235
701 364
871 34
872 974
485 501
414 833
675 677
307 926
77 472
230 445
854 812
688 65
560 347
976 538
448 263
679 576
669 843
946 454
216 317
686 876
271 676
778 539
116 676
575 227
739 929
716 504
917 280
689 314
221 450
78 115
776 638
865 812
384 477
915 434
260 170
731 347
1 183
890 368
964 569
824 697
688 420
988 91
669 230
279 917
670 676
529 328
304 558
501 954
986 753
365 87
3 537
566 132
371 38
901 16
754 660
976 559
486 858
543 623
162 962
333 580
909 627
284 175
802 229
753 46
359 418
326 680
842 477
445 773
256 37
38 878
986 184
794 793
158 954
160 125
823 462
177 256
329 348
643 404
711 90
363 747
124 560
581 471
247 896
270 18
745 555
304 171
317 521
231 480
494 354
740 872
49 842
47 798
342 389
991 711
768 794
69 256
814 320
474 241
759 549
835 545
165 286
167 962
161 980
472 713
560 451
715 855
725 685
139 659
999 569
266 767
963 372
244 958
548 817
24 782
964 764
343 99
477 63
576 171
126 919
149 880
498 278
348 884
569 197
451 115
732 858
863 821
189 114
931 2
105 167
336 968
195 512
272 759
698 380
855 358
754 906
726 678
530 735
928 283
361 500
327 0
574 918
174 9
858 220
419 0
924 905
419 995
902 684
403 27
840 681
36 391
414 452
406 634
644 788
829 843
838 826
257 962
476 194
853 612
714 703
184 768
751 919
906 933
242 970
926 409
634 936
203 679
195 469
31 10
567 908
44 562
936 454
870 162
465 417
511 100
83 298
126 789
368 212
265 687
269 333
311 971
544 219
724 408
56 838
659 154
263 196
831 393
634 980
396 806
893 696
536 921
361 17
780 234
96 114
931 190
390 829
70 494
535 487
264 955
517 93
467 180
455 586
185 429
890 600
696 910
282 190
714 943
84 665
568 524
190 679
521 194
564 411
551 476
645 542
160 345
541 688
786 100
373 951
45 196
0 50
50 798
911 340
412 682
553 865
191 53
876 997
843 188
34 69
219 974
12 998
17 218
187 296
121 82
666 20
342 551
312 781
66 759
356 828
224 752
554 293
431 271
636 183
696 142
383 769
814 856
320 926
563 831
905 997
239 102
206 441
145 644
344 878
530 887
79 123
24 584
808 14
975 813
122 791
720 244
468 491
755 573
168 556
144 403
722 710
3 232
947 690
202 949
755 45
153 815
37 658
573 839
754 830
506 594
856 182
475 494
150 891
174 517
724 673
212 562
892 758
306 788
805 992
949 512
878 580
702 74
749 359
598 863
681 121
727 212
631 581
145 239
169 186
380 124
515 539
98 405
585 410
180 791
120 57
448 88
942 72
184 33
718 206
125 583
674 73
59 303
181 406
132 130
521 253
701 780
316 421
46 772
974 6
742 633
107 925
923 670
591 894
583 557
13 79
969 414
725 753
925 468
131 853
894 438
949 217
884 143
111 326
290 824
567 760
368 213
907 27
846 114
277 501
524 70
397 558
237 385
283 905
979 320
164 614
384 310
521 126
716 206
61 181
208 774
328 415
362 262
690 880
66 79
640 674
758 915
784 822
937 724
768 11
541 841
809 550
126 569
766 628
7 847
9 237
246 695
771 18
246 121
788 624
453 376
78 85
684 646
999 134
685 558
985 226
738 981
767 824
319 179
773 2
703 86
11 743
943 622
864 343
290 776
666 959
419 177
568 355
984 573
69 624
403 21
627 297
746 830
304 701
415 521
661 688
240 983
492 39
868 475
907 313
249 438
612 454
44 417
648 935
338 332
133 793
628 115
638 32
516 409
772 382
713 948
233 598
662 439
608 375
77 838
125 471
147 496
83 133
118 202
823 995
757 143
784 417
542 924
406 532
234 335
74 852
523 957
649 845
829 729
250 719
427 239
173 493
395 166
485 267
564 234
687 49
216 456
193 502
978 605
918 141
123 582
318 860
306 554
758 272
358 365
644 417
602 318
918 1
455 195
113 186
268 413
702 495
570 611
285 362
255 813
909 481
86 361
434 215
34 974
942 676
423 522
609 327
339 884
241 567
707 955
823 18
160 795
338 827
152 272
421 738
254 875
530 897
646 256
400 435
98 564
699 692
592 801
982 750
913 520
803 796
174 246
218 317
325 298
915 114
857 97
378 841
645 568
577 536
990 547
908 828
420 722
338 381
169 809
593 348
381 866
765 837
950 563
214 374
664 349
307 176
77 55
634 137
555 593
602 322
211 74
334 537
348 429
830 1000
607 640
432 529
810 536
219 699
634 49
388 847
828 339
760 140
258 302
491 570
854 922
291 723
709 405
1000 150
444 77
565 460
465 98
404 85
57 112
216 36
500 156
110 64
212 850
741 137
963 387
406 315
794 839
135 848
502 385
494 440
244 388
351 401
282 621
547 283
915 8
182 699
501 658
70 455
978 201
263 870
816 453
21 402
311 369
32 879
353 237
413 501
862 440
528 289
25 54
574 919
369 19
577 107
547 924
833 575
516 769
979 44
359 634
380 520
568 827
107 909
701 74
741 408
400 281
355 464
376 840
81 184
646 900
72 941
309 91
891 61
846 299
15 261
761 19
779 704
233 438
290 778
209 321
404 693
307 18
957 853
607 136
766 549
326 659
267 645
610 323
756 783
421 596
740 508
307 403
700 821
10 343
234 840
173 252
985 351
492 512
539 24
330 586
537 198
367 680
81 351
531 872
655 991
97 904
742 768
144 915
609 19
444 312
408 579
533 270
341 858
373 995
255 12
785 347
151 620
305 313
2 644
120 454
612 354
755 971
538 993
126 340
899 81
782 257
988 546
308 852
697 948
652 610
756 654
476 151
76 739
281 349
472 132
428 67
550 132
780 567
164 631
762 771
859 1
909 49
223 917
424 15
879 444
552 617
589 771
865 751
385 237
4 679
512 825
836 906
393 876
319 510
871 612
823 353
572 904
297 911
799 204
219 910
265 133
111 752
264 349
942 124
74 433
701 442
345 702
958 165
317 987
884 312
738 76
484 774
191 585
130 12
877 933
623 175
702 39
827 788
411 141
751 423
284 589
904 256
798 13
476 92
991 347
265 531
995 748
479 974
496 952
20 838
310 298
960 467
44 734
9 131
84 482
351 954
543 552
878 548
381 714
282 754
173 982
728 705
892 62
878 358
709 564
581 747
636 634
278 572
201 713
929 830
99 510
682 658
920 299
965 406
894 593
432 355
657 244
244 584
346 756
862 333
973 556
968 543
343 353
343 991
838 990
357 245
827 38
997 723
298 587
108 230
722 276
863 268
705 190
811 862
466 134
613 336
659 306
696 576
641 351
651 269
654 836
785 286
393 848
383 682
504 138
394 959
1000 714
120 161
683 452
259 293
284 73
273 154
441 842
960 567
106 210
727 801
252 480
391 354
430 858
457 800
220 656
499 412
817 187
602 827
741 186
534 235
208 376
226 467
104 635
627 616
691 793
466 945
261 552
856 219
372 842
350 99
609 826
299 919
369 113
609 104
284 535
871 953
140 826
888 634
902 299
645 889
844 257
1000 93
569 345
675 410
509 438
447 231
718 129
605 582
704 290
397 450
802 557
839 982
252 449
6 719
669 680
530 218
154 656
374 63
692 828
567 369
558 38
95 656
454 40
292 529
799 243
55 153
162 522
921 735
355 129
455 434
579 526
338 791
234 518
428 350
270 286
806 107
527 942
172 256
77 251
285 590
438 802
752 189
748 132
38 432
654 706
687 724
787 549
694 754
547 152
801 350
974 21
985 767
915 158
982 15
810 377
27 656
866 358
441 16
224 32
347 434
919 565
949 885
747 722
500 229
469 461
211 301
367 703
331 437
271 962
294 870
724 672
101 353
487 272
338 479
757 339
806 850
643 905
64 20
423 839
489 589
374 794
334 38
48 108
613 343
71 217
199 294
404 615
500 888
749 625
289 262
358 336
118 343
563 493
862 386
966 852
47 294
693 14
681 897
328 980
106 410
460 230
881 496
733 354
643 292
844 971
843 858
76 901
747 434
286 129
295 492
228 627
76 934
380 475
651 527
218 959
906 413
596 520
155 653
908 388
857 429
760 858
489 882
370 678
465 830
605 922
517 648
980 662
304 411
381 343
127 181
389 750
762 660
555 165
791 488
599 609
411 437
992 415
191 11
236 21
640 178
857 748
379 863
335 88
125 173
101 130
595 562
858 22
533 219
132 53
682 673
385 553
626 892
840 779
302 81
311 506
334 0
69 813
189 756
929 279
807 439
901 59
273 366
896 33
605 32
662 329
999 72
492 415
645 860
50 666
623 948
188 342
535 827
178 489
167 336
780 168
671 499
119 562
204 69
823 111
390 442
257 727
597 653
378 842
656 953
363 873
309 683
143 565
895 228
961 182
565 976
610 822
695 804
316 137
239 338
360 34
122 835
637 813
232 144
243 717
972 559
475 859
656 72
962 438
528 121
582 904
688 65
77 98
526 288
608 716
552 577
551 238
770 101
543 148
773 91
614 594
942 214
980 938
732 420
549 198
789 5
153 575
571 542
604 184
981 967
844 819
838 577
778 126
677 788
342 726
688 730
431 864
187 713
124 515
269 287
305 996
630 638
335 783
259 813
430 798
617 276
662 123
124 474
53 154
420 78
700 881
693 560
924 347
957 638
46 534
140 968
73 766
364 252
569 341
686 887
138 455
245 688
460 142
580 936
181 472
152 258
574 215
535 521
559 6
659 192
104 669
826 204
613 623
686 398
988 229
799 44
809 616
11 675
791 132
954 377
60 909
774 858
760 82
550 894
929 765
770 816
195 263
377 572
640 705
909 616
505 38
718 264
116 166
112 140
863 316
196 591
345 955
818 880
273 577
460 711
211 502
541 90
914 303
679 504
313 307
255 189
25 395
40 90
869 190
433 14
435 366
508 344
455 848
220 623
311 653
874 947
986 383
9 80
818 757
109 11
188 50
239 370
920 718
507 782
494 320
35 78
684 738
638 977
260 727
701 858
656 336
901 893
653 106
346 527
693 145
149 224
482 229
677 642
251 971
435 697
840 12
184 862
34 500
91 147
430 348
455 349
63 406
791 6
317 653
169 370
382 436
938 51
89 484
48 274
870 756
19 781
611 77
144 817
133 487
567 608
788 873
781 900
959 244
532 740
421 568
615 267
291 457
632 85
265 318
845 711
692 217
797 899
15 752
323 337
677 702
123 232
418 714
218 606
997 457
392 325
816 129
239 610
529 231
172 552
538 886
490 388
864 827
831 55
168 804
651 396
860 849
586 426
132 785
76 251
872 608
249 586
890 280
753 267
409 27
99 778
802 359
675 280
580 745
630 16
10 905
819 716
7 227
908 546
298 630
634 812
869 175
462 360
371 794
926 660
13 804
675 805
681 244
938 410
590 681
319 652
849 153
888 183
981 707
966 777
475 219
828 613
923 586
589 178
205 702
432 935
90 850
132 918
979 656
798 932
748 294
967 174
628 944
837 324
814 546
225 94
511 905
46 563
436 309
744 82
936 585
881 928
209 66
546 868
536 293
755 683
414 314
618 811
237 683
140 62
571 459
254 874
477 99
859 160
896 624
572 230
174 445
75 676
716 517
45 506
705 449
955 473
181 528
73 327
666 29
369 957
784 831
199 376
320 40
162 909
891 812
226 375
391 816
455 721
311 259
721 287
901 853
924 166
677 182
350 187
600 914
329 357
893 237
948 910
905 471
62 64
997 759
130 992
423 621
565 908
69 293
987 671
19 922
622 576
32 979
427 961
22 372
350 18
795 218
375 737
484 207
104 748
339 802
207 147
280 922
448 744
525 263
870 668
632 646
74 906
301 812
835 768
289 429
690 54
911 978
406 633
912 310
687 835
731 863
192 923
641 120
944 200
67 610
290 398
181 514
46 181
977 985
270 166
499 418
131 600
803 620
23 855
106 681
160 678
919 308
399 487
132 245
850 171
499 963
865 635
324 43
485 227
719 77
18 175
49 973
306 89
907 122
907 47
21 269
946 31
193 220
994 335
101 75
102 395
754 251
442 304
196 383
940 433
954 157
72 437
215 695
167 150
434 823
266 924
36 928
976 910
304 964
761 404
766 275
523 809
392 341
836 278
479 753
990 688
608 443
521 111
229 945
855 77
723 471
269 575
802 983
63 644
196 860
449 812
830 93
8 230
101 416
26 976
55 686
889 17
114 337
855 76
284 330
78 948
452 314
445 800
679 714
808 795
12 339
377 440
255 512
931 105
775 495
527 613
153 126
467 609
400 518
734 657
855 17
696 497
191 219
162 461
858 687
199 180
764 706
340 647
68 481
318 849
580 955
605 429
744 911
965 63
241 967
937 715
647 407
498 680
267 521
916 291
410 950
412 695
46 361
87 591
44 379
800 453
994 770
353 658
951 144
975 64
523 522
202 957
320 382
382 682
761 954
398 891
630 964
39 235
490 43
215 849
35 387
328 499
359 279
983 215
86 10
883 920
356 748
827 156
267 885
421 880
978 15
328 800
973 285
879 599
47 723
761 39
177 416
32 740
178 978
525 362
699 193
445 118
10 913
810 317
523 730
90 755
537 370
97 514
861 621
75 44
614 852
329 233
65 745
175 580
838 507
779 403
714 120
638 9
564 379
185 872
69 175
121 183
364 44
483 260
946 605
616 106
606 953
19 956
464 404
439 38
962 893
178 685
80 897
896 597
291 363
217 438
356 831
151 36
329 934
96 438
504 994
1 438
434 478
16 980
811 68
92 92
923 327
256 514
478 168
791 685
716 521
675 52
715 84
236 437
838 634
38 973
417 586
461 408
247 709
7 432
390 653
580 925
391 933
833 704
953 135
976 947
45 163
528 156
909 56
401 509
330 976
340 488
400 305
443 482
102 53
447 658
667 389
17 998
724 271
78 687
860 607
497 436
949 578
245 606
853 35
266 456
359 829
113 598
313 848
216 737
313 351
590 111
999 72
894 642
1000 826
118 187
306 834
30 964
946 157
465 531
271 336
186 667
804 893
357 994
625 58
18 631
218 823
632 953
310 931
346 873
347 420
731 288
183 551
292 829
53 57
5 597
650 452
45 545
458 868
667 791
220 976
524 891
923 177
705 36
708 616
769 893
443 921
122 462
694 298
112 697
841 393
356 675
247 637
156 987
646 797
268 550
293 161
837 114
868 665
564 762
44 999
969 374
306 569
243 570
25 899
308 742
630 845
361 244
367 782
812 902
546 993
17 98
61 403
337 208
262 491
167 650
673 410
273 247
300 934
769 843
435 579
827 316
123 741
868 720
922 590
876 450
216 655
80 488
872 992
721 647
707 700
465 831
4 807
724 107
529 692
841 641
381 651
587 751
350 316
883 579
180 853
676 876
355 664
483 803
815 369
625 825
127 623
819 430
36 767
134 77
881 180
641 552
88 691
456 85
319 60
89 332
56 259
635 647
382 420
917 937
939 270
317 863
374 406
964 133
704 158
259 704
11 427
540 184
400 761
746 914
373 434
751 191
904 58
435 665
73 672
844 19
154 453
61 670
644 558
305 2
63 485
958 602
245 54
629 182
621 21
777 211
252 805
188 719
161 496
665 90
409 444
466 257
720 280
983 563
118 139
904 733
984 399
107 218
379 262
416 488
934 425
45 576
714 847
160 168
722 858
7 809
494 598
158 560
725 387
231 82
452 840
771 756
641 372
822 390
968 973
504 441
797 136
281 775
472 127
625 869
615 345
665 596
141 554
464 810
373 257
728 974
669 217
356 596
111 246
219 527
51 950
250 271
462 570
688 291
795 399
923 599
939 976
511 345
863 751
734 684
914 93
954 363
580 266
853 244
347 311
157 131
61 11
650 25
159 495
909 272
508 208
46 525
409 570
736 214
560 645
155 83
125 240
399 529
89 927
998 955
847 983
680 369
945 79
389 932
976 364
950 0
546 120
652 172
224 22
175 871
258 960
766 729
557 268
558 456
355 895
972 258
677 473
198 249
358 307
900 872
655 318
520 901
545 544
314 834
890 831
153 279
468 591
955 817
832 234
603 166
510 902
218 907
815 867
604 41
984 269
636 697
414 288
545 77
216 954
357 598
264 703
141 714
246 930
96 828
961 29
850 968
32 201
490 66
805 516
3 41
509 71
656 164
27 177
918 747
253 666
478 811
286 130
866 554
798 356
764 642
7 274
34 270
677 936
60 565
997 554
446 23
905 817
444 811
869 451
924 962
895 305
160 955
17 761
750 742
477 968
415 991
541 721
445 992
429 51
823 644
917 66
861 253
224 281
284 1
237 429
137 55
740 301
175 421
74 538
912 491
459 28
810 733
470 630
977 651
332 318
726 148
813 865
793 784
65 548
708 138
334 701
913 374
674 869
863 109
714 618
486 848
436 531
252 166
319 839
693 137
59 65
102 124
894 712
70 507
535 613
337 446
889 272
74 96
860 870
851 622
539 853
309 163
418 566
92 655
878 909
64 715
889 395
749 741
690 964
602 253
236 36
237 834
895 870
288 5
171 918
151 895
800 596
743 776
473 614
719 513
133 781
101 677
978 460
432 872
61 948
668 398
940 781
21 584
979 533
473 154
840 543
629 207
907 244
964 453
431 501
311 255
754 601
998 214
653 315
595 285
885 987
882 904
397 766
669 980
704 360
3 740
516 185
564 900
784 60
472 429
352 940
249 309
303 532
409 887
859 537
537 623
598 232
786 175
808 537
235 564
392 950
307 530
779 220
867 128
145 632
155 169
371 558
550 823
795 979
18 627
373 664
352 694
322 527
480 109
134 637
56 155
931 159
277 93
365 166
501 447
384 82
367 582
555 421
128 363
634 275
908 459
449 951
670 108
171 102
609 14
757 836
225 360
386 52
735 96
570 1000
554 879
793 877
612 358
578 920
874 394
156 980
266 852
238 369
172 414
171 709
954 444
788 487
130 682
508 972
568 186
196 783
199 152
187 436
372 950
179 833
892 471
826 915
439 847
943 547
894 826
436 512
969 733
149 428
601 296
439 689
161 639
224 119
725 734
170 284
370 555
982 476
848 377
357 76
629 38
621 579
426 49
752 945
167 597
879 979
672 662
307 966
996 898
421 828
735 956
192 79
78 986
165 848
199 619
174 430
338 316
76 114
142 292
926 500
815 644
467 397
608 194
235 500
822 20
834 123
535 906
544 871
539 173
6 124
682 659
672 128
391 161
649 206
894 919
160 647
801 585
585 313
651 730
733 621
748 843
106 962
978 451
903 519
415 232
259 791
75 173
371 676
780 358
493 390
726 590
306 882
323 796
39 115
446 570
595 692
319 797
874 663
848 38
296 449
656 272
862 500
828 301
589 114
999 794
46 932
106 843
80 984
240 662
269 51
612 635
219 654
518 241
529 244
786 998
146 328
910 885
981 336
468 417
723 407
255 454
689 27
554 211
455 848
700 11
663 228
54 516
215 263
73 734
864 748
378 211
653 534
550 602
625 884
52 834
818 556
875 934
776 697
788 17
926 754
402 842
108 191
506 426
255 332
612 798
316 90
175 241
346 956
759 116
337 408
317 554
1000 957
915 396
221 867
784 879
177 591
435 441
319 766
895 170
474 491
255 935
68 85
561 864
366 506
67 663
564 382
841 367
544 745
479 793
962 617
90 616
988 233
770 501
328 964
221 11
647 719
431 3
558 329
523 171
52 74
442 289
970 911
404 464
519 470
719 905
10 118
714 164
772 618
918 885
777 578
633 428
348 94
878 899
203 544
577 411
795 382
656 992
976 126
247 639
17 780
827 595
627 446
278 10
647 95
703 672
487 562
124 916
77 349
532 77
369 904
324 376
943 338
972 743
449 865
221 896
176 496
82 410
250 67
549 935
844 881
711 200
43 14
113 218
656 445
781 760
299 842
958 518
757 993
932 545
89 835
977 12
640 298
82 904
491 386
897 896
701 226
967 705
614 508
501 762
468 727
736 403
764 923
436 25
80 148
437 252
370 804
594 250
680 217
930 569
418 316
674 905
305 261
963 776
110 415
251 446
623 795
122 748
274 535
646 904
168 269
887 197
29 875
89 912
445 996
797 340
456 435
387 182
590 890
330 894
811 56
791 44
762 395
178 187
464 824
620 876
452 765
905 521
44 237
105 997
468 722
150 991
436 935
910 836
385 717
652 115
47 262
902 327
812 327
590 376
825 180
569 475
517 496
661 480
732 263
731 399
704 671
614 991
183 286
79 825
342 572
743 701
121 29
755 148
416 266
278 239
628 927
302 178
335 900
948 764
969 28
929 442
177 495
208 361
638 661
361 118
358 350
44 701
982 294
940 543
612 319
98 573
322 518
823 25
99 434
99 290
246 831
970 287
966 307
149 45
560 279
946 338
766 532
559 840
21 92
237 740
35 930
311 448
664 205
252 330
571 68
169 422
536 594
182 514
578 584
274 73
488 581
85 812
653 260
262 192
579 83
666 907
540 590
37 757
892 876
349 732
832 648
237 6
253 83
16 999
346 392
229 61
511 304
76 795
983 562
675 225
238 497
168 429
623 178
906 263
750 38
787 685
271 903
863 375
283 665
149 44
89 292
57 43
416 18
932 54
695 61
964 886
89 343
66 497
849 619
330 124
837 853
279 69
721 193
686 227
543 853
677 171
96 399
766 464
974 667
45 247
389 548
379 910
615 59
971 639
319 17
692 44
565 154
149 121
709 852
72 451
6 993
140 329
774 199
569 881
930 231
469 782
911 275
9 467
34 573
159 189
353 182
459 650
84 138
864 349
450 931
377 896
281 423
714 898
498 152
811 984
737 572
969 289
482 673
934 743
4 426
648 121
500 464
211 534
279 680
136 401
746 717
970 547
902 34
507 934
439 836
627 765
645 460
458 204
378 580
712 845
281 72
833 459
273 831
103 973
656 320
882 854
123 56
381 915
935 77
495 697
